-0.4830000000 -0.5950000000
-1.6530000000 -2.1860000000
-0.4830000000 -0.5950000000
-2.1760000000 1.3120000000
-1.6530000000 -2.1860000000
1.9748875917
0.0000000000
point1:-0.4830000000 -0.5950000000
point2:-2.1760000000 1.3120000000
angle:1.4198077859 -0.0477725870
0.1366322582 -1.4764524374
0.0000000000
0.7283456604
-1.0060000000 2.9030000000
point1:-1.6930000000 1.9070000000
point2:0.1366322582 -1.4764524374
angle:1.4198077859 -0.0477725870
-2.2994575915 3.4148059426
-2.1360000000 -2.7810000000
point1:-2.1760000000 1.3120000000
point2:0.6870000000 0.9960000000
angle:1.4198077859 -0.0477725870
-3.3628135535 1.5814321768
point1:0.1366322582 -1.4764524374
point2:-2.1360000000 -2.7810000000
angle:1.4198077859 -0.0477725870
1.1530225865 -1.0373627357
3.0213419324
point1:-2.2994575915 3.4148059426
point2:0.6870000000 0.9960000000
angle:1.4198077859 -0.0477725870
-3.4376431234 4.5729103148
point1:-1.0060000000 2.9030000000
point2:-1.3380000000 -1.4640000000
angle:1.4198077859 -0.0477725870
-0.6580009278 4.7204401021
